ALL FUNCS IWTH BEST NEIGHBORHOOD, 5000 ITERATIONS, 49 PARTICLES: ~250000 ITERATIONS

RASTRIGIN - VON NEUMANN: 100 TESTS
	54.7227,54.7227,72.6319,72.6319,72.6319,52.7327,52.7327,52.7327,58.7025,58.7025,58.7025,44.773,44.773,44.773,44.773,42.7832,42.7832,42.7832,56.7126,56.7126,56.7126,46.763,46.763,46.763,28.8538,28.8538,28.8538,28.8538,68.6521,68.6521,68.6521,54.7227,54.7227,54.7227,42.7832,42.7832,42.7832,74.6218,74.6218,69.647,69.647,53.7277,53.7277,53.7277,55.7176,55.7176,55.7176,26.8639,26.8639,26.8639,55.7175,55.7175,55.7175,48.7529,48.7529,48.7529,54.7227,54.7227,54.7227,61.6874,61.6874,61.6874,61.6874,51.7378,51.7378,51.7378,58.7025,58.7025,58.7025,69.647,69.647,69.647,71.6369,71.6369,71.6369,51.7377,51.7377,51.7377,56.7126,56.7126,56.7126,56.7126,42.7831,42.7831,42.7831,39.7983,39.7983,39.7983,47.758,47.758,47.758,53.7277,53.7277,53.7277,53.7277,56.7125,56.7125,56.7125,66.6621,66.6621

ACKLEY - RANDOM: 100 TESTS
	19.7439,19.7244,19.7804,19.7097,19.8228,19.6275,19.7715,19.7648,7.54952e-15,19.5033,19.8205,19.7552,19.8378,19.8765,20.0848,19.8754,19.8068,19.8034,19.4415,7.54952e-15,19.8752,19.8611,1.46549e-14,7.54952e-15,19.988,19.7127,1.46549e-14,19.8156,1.46549e-14,19.8613,19.9182,19.8085,19.8855,19.8029,7.54952e-15,19.9586,19.7248,19.7999,1.46549e-14,19.5373,19.7998,1.46549e-14,1.46549e-14,19.8635,19.8094,19.74,19.9197,19.8572,18.9713,19.839,19.5215,19.8106,19.7473,19.8327,19.692,19.6634,20.0946,19.7337,19.8259,19.4762,19.7751,19.817,12.8755,20.0794,19.8537,19.947,19.8364,19.9687,1.46549e-14,19.8513,19.4185,19.9373,19.8318,19.8706,19.819,7.54952e-15,19.7915,19.5899,19.8456,19.7064,7.54952e-15,7.54952e-15,19.7183,19.7519,19.8091,19.7079,19.7711,19.822,7.54952e-15,1.46549e-14,7.54952e-15,7.54952e-15,19.7172,1.46549e-14,19.7418,1.46549e-14,19.7248,19.3494,19.8789,19.6936

ROSENBROCK - GLOBAL: 100 TESTS
	0.220493,0.220493,0.220493,14.5775,14.5775,14.5775,14.5775,28.3145,28.3145,28.3145,0.0411798,0.0411798,0.0411798,0.0411798,116.666,116.666,116.666,88.7755,88.7755,88.7755,88.7755,14.0969,14.0969,14.8311,14.8311,14.8311,14.8311,4.71645,4.71645,4.71645,9.06971,9.06971,9.06971,13.3833,13.3833,13.3833,13.3833,0.455514,0.455514,0.455514,4.48079,4.48079,4.48079,9.22008,9.22008,9.22008,9.22008,12.5185,12.5185,12.5185,5.31058,5.31058,5.31058,5.31058,14.5832,14.5832,14.5832,14.6178,14.6178,14.6178,14.6178,100.561,100.561,100.561,13.3552,13.3552,13.3552,0.070265,0.070265,113.409,113.409,113.409,15.7525,15.7525,15.7525,111.241,111.241,111.241,89.3011,89.3011,89.3011,89.3011,15.9969,15.9969,15.9969,21.8665,21.8665,21.8665,21.8665,0.011751,0.011751,0.011751,0.0472616,0.0472616,0.0472616,0.0472616,10.2063,10.2063,10.2063,0.73231






RASTRIGIN - VN: PERFORMANCE OVER 1 TEST (EVERY 50 iterations, or 50*49 EVALS) (100 datapoints)
	BAD:
		879.156,375.395,230.639,195.017,176.265,137.038,113.593,110.937,108.655,104.586,101.41,93.9099,93.5828,84.7143,84.2959,83.9645,83.7186,83.6482,83.597,83.5844,83.5783,83.5772,83.5766,83.5764,83.5764,83.5763,83.5763,73.6105,71.7716,71.6861,71.6535,71.111,70.6541,70.6459,70.6432,70.6422,70.642,70.6419,70.6419,70.6419,70.6419,70.6419,70.6419,70.6419,70.6419,70.6419,70.6419,70.6419,70.6419,70.6419,70.6419,70.6419,70.6419,70.6419,70.6419,70.6419,70.6419,70.6419,70.6419,70.6419,70.6419,70.6419,70.6419,70.6419,70.6419,70.6419,70.6419,70.6419,70.6419,70.6419,70.6419,70.6419,70.6419,70.6419,70.6419,70.6419,70.6419,70.6419,70.6419,70.6419,70.6419,70.6419,70.6419,70.6419,70.6419,70.6419,70.6419,70.6419,70.6419,70.6419,70.6419,70.6419,70.6419,70.6419,70.6419,70.6419,70.6419,70.6419,70.6419,70.6419,70.6419
	GOOD:
		909.742,432.61,328.393,241.833,201.217,161.993,140.967,121.276,116.497,97.6916,91.3334,87.9457,82.6427,80.8041,72.8079,71.3667,69.2987,53.5313,48.9065,47.4296,43.7445,42.4408,42.0273,39.8095,33.0513,32.8976,32.8561,32.8416,32.8353,32.8343,32.8338,32.8336,32.8336,32.8336,32.8336,32.8336,23.9646,23.8876,23.8804,23.8792,23.879,23.879,23.879,23.879,23.879,23.879,23.879,23.879,23.879,23.879,23.879,23.879,23.879,23.879,23.879,23.879,23.879,23.879,23.879,23.879,23.879,23.879,23.879,23.879,23.879,23.879,23.879,23.879,23.879,23.879,23.879,23.879,23.879,23.879,23.879,23.879,23.879,23.879,23.879,23.879,23.879,23.879,23.879,23.879,23.879,23.879,23.879,23.879,23.879,23.879,23.879,23.879,23.879,23.879,23.879,23.879,23.879,23.879,23.879,23.879,23.879,



ACKELY - RANDOM: PERFORMANCE OVER 1 TEST (EVERY 50 iterations, or 50*49 EVALS) (100 datapoints)
	BAD:
		21.2441,20.9354,20.788,20.6736,20.6226,20.3888,20.3756,20.3606,20.3326,20.1295,20.1041,20.0695,20.0375,19.9529,19.8971,19.8724,19.8594,19.853,19.8434,19.8292,19.824,19.8183,19.8172,19.816,19.8148,19.8146,19.8141,19.8081,19.8055,19.8052,19.7997,19.7964,19.7954,19.7944,19.7939,19.7934,19.7933,19.7933,19.793,19.793,19.7754,19.7722,19.7722,19.7722,19.7722,19.7722,19.772,19.7716,19.7713,19.7713,19.7713,19.7712,19.7712,19.7712,19.771,19.771,19.771,19.771,19.771,19.771,19.771,19.771,19.771,19.7709,19.7709,19.7709,19.7709,19.7709,19.7709,19.7709,19.7709,19.7709,19.7709,19.7709,19.7709,19.7709,19.7709,19.7708,19.7708,19.7708,19.7707,19.7707,19.7707,19.7707,19.7707,19.7707,19.7707,19.7707,19.7707,19.7707,19.7707,19.7707,19.7707,19.7707,19.7707,19.7707,19.7707,19.7707,19.7707,19.7707,19.7707
	GOOD:
		21.1109,21.0242,20.7639,20.7358,20.7358,20.6338,20.5275,20.3578,20.3448,20.2722,20.2545,20.239,19.4419,16.8337,12.9034,8.93663,5.9317,3.99309,2.93829,2.31295,1.55443,1.09695,0.743758,0.152722,0.0637273,0.0322845,0.0160488,0.00804651,0.00325386,0.00162436,0.000979081,0.000489619,0.000255626,0.000124713,6.89767e-05,3.93408e-05,2.33326e-05,1.34436e-05,7.42293e-06,4.47411e-06,2.99784e-06,1.30302e-06,7.48293e-07,4.08299e-07,2.23551e-07,1.27321e-07,5.80224e-08,3.22827e-08,1.32681e-08,6.94134e-09,3.80558e-09,2.03808e-09,1.10794e-09,6.66156e-10,3.79469e-10,1.73856e-10,8.84772e-11,4.33649e-11,2.14162e-11,9.6354e-12,4.48752e-12,1.81588e-12,9.88098e-13,4.05453e-13,2.1716e-13,1.28342e-13,6.08402e-14,3.59712e-14,2.17604e-14,1.46549e-14,7.54952e-15,7.54952e-15,7.54952e-15,7.54952e-15,7.54952e-15,7.54952e-15,7.54952e-15,7.54952e-15,7.54952e-15,7.54952e-15,7.54952e-15,7.54952e-15,7.54952e-15,7.54952e-15,7.54952e-15,7.54952e-15,7.54952e-15,7.54952e-15,7.54952e-15,7.54952e-15,7.54952e-15,7.54952e-15,7.54952e-15,7.54952e-15,7.54952e-15,7.54952e-15,7.54952e-15,7.54952e-15,7.54952e-15,7.54952e-15,7.54952e-15

ROSENBROCK - GLOBAL: PERFORMANCE OVER 1 TEST (EVERY 50 iterations, or 50*49 EVALS) (100 datapoints)

	BAD:
		5.21888e+08,6.26296e+06,334273,24193.2,3436.5,531.333,209.445,118.197,109.296,106.142,105.134,104.935,104.823,104.721,104.344,104.106,103.733,103.095,102.744,102.06,101.4,100.784,99.2497,98.5474,97.9141,97.6595,97.4713,97.1842,96.7342,95.991,95.5111,95.074,94.6701,94.2861,93.7929,93.2502,92.9552,92.8584,92.7429,91.247,90.8951,90.5442,90.3425,89.6213,89.4176,89.365,89.3442,89.0211,88.8953,88.5763,88.1394,87.8591,87.6415,87.2923,87.0375,86.8071,86.5272,86.2099,85.9987,85.7724,85.5349,85.3503,85.2503,85.1225,85.0672,84.9898,84.9618,84.8866,84.5777,84.1057,83.1761,82.6831,82.0231,81.8502,81.721,81.4608,81.162,81.0737,80.7901,80.7451,80.6396,80.5681,80.5488,80.447,80.2592,80.1464,79.9562,79.774,79.5648,79.4922,79.2202,79.0541,78.9393,78.752,78.6733,78.5092,78.1797,78.1011,77.6444,77.5565,77.368,

	GOOD:
		