# Rotating FPSO on 3 with 8 rockets and 100 iterations 
366.6260283768151,590.9823554179786,571.0415957565715,572.9488924941655,644.7607319612674,711.3422500503616,309.4217248354327,438.7556984576038,406.7160365557918,661.5227346674121,428.45898460417953,470.9165358701803,510.83981759869806,290.6793164483969,374.3368757674916,385.95173192864974,384.3734705928073,487.93999343581135,632.2807012304853,546.7827265898765,511.458969570391,603.2256820697442,640.0400736057956,404.195066243473,481.530951487668
# Rotating FPSO on 3 with 12 rockets and 65 iterations 
424.1820224026109,782.739848249715,381.91562227233175,363.2695248596632,600.217129054182,477.60510378324807,466.54857347278374,284.3584123438073,437.3366844100152,384.8305701493023,334.83358458130203,321.23548832281165,534.931080404407,575.3579665860004,447.7437224453527,545.3424865543315,399.3315586910172,529.8509625495283,396.21042447683243,545.705847653833,376.61150645375733,377.23460339688114,314.02256082181214,359.60337019471797,396.3826696632157
# Rotating FPSO on 3 with 16 rockets and 50 iterations 
267.73383408050483,557.683205890752,353.2730979462631,421.1906664526192,441.95824379675554,507.94858073434216,503.91711139770615,313.68208273909624,405.50132626842054,439.3824144041196,437.1662494323447,513.834783426768,494.20368327935864,360.61984928597303,752.3428631227504,462.68645576679614,361.0547592234939,244.9492086326636,419.00074027976876,387.002314556719,341.03844397701226,377.5578105175954,360.67434016502204,478.5783881861622,333.3299085557203


# Recursive FPSO on 3 with 8 rockets and 100 iterations 
370.7174653880927,1971.5678298531998,963.9664519361776,502.890352905925,140.64212323034778,643.3632370120722,332.9318952098542,2642.348668540764,617.0887390032466,488.4719505393596,4023.459234472758,396.73318591086024,249.68346869365277,655.5451973684244,426.2017164783698,539.5125393026527,416.1136745387909,364.38650773105076,400.8484976811595,371.73533996809965,201.76358857103122,135.24486176667926,533.02260082787,414.0626678298771,507.18398499939747
# Recursive FPSO on 3 with 12 rockets and 65 iterations 
218.55007707070723,1360.1755411488846,362.49954727631916,709.6882462874379,455.82876736627884,372.151881302777,430.4827222669274,405.7997836711374,495.930261481558,458.5531040914651,259.9709985806828,426.3784965910333,686.4477208348466,664.0553274974883,1131.0951999154343,501.55759997361184,2625.3573124033724,537.6387657616647,480.3523339806585,679.8331704135086,819.4905121835803,669.4535040879728,2417.9000704728396,1273.2872509758315,412.3570401888062
# Recursive FPSO on 3 with 16 rockets and 50 iterations 
463.8303858930805,660.3123143996039,458.4010646588113,612.1946180512973,1280.3106394750357,492.9969779512149,390.9585546541896,481.3211264887747,574.5258266969086,638.9627888360479,479.9188937527939,633.1227116216738,459.14854071220077,240.70179337198005,627.9290654255348,1729.8462884029186,562.0917312069088,602.3069820697706,570.7916364703824,492.97067941525495,279.0046239633943,441.0220766951792,499.3102619784413,1106.9626145133718,695.7910113746764
