# Rotating FPSO on 4 with 8 rockets and 100 iterations 
169.942848012,193.609200761,174.890021041,199.49771952,194.160441571,173.049347792,221.335198315,189.313140979,182.668331941,211.504078573,211.890225915,202.595772281,221.312919642,164.798222638,191.234019127,196.609956397,217.192499377,214.73808487,196.334285346,181.824588402,226.48340424,198.141049758,166.460045336,185.45843099,195.818828898

# Rotating FPSO on 4 with 12 rockets and 65 iterations 
190.4586274,218.042738756,173.049653968,202.239386084,208.195771148,173.199909498,218.848013814,208.040576207,175.559229044,200.108457672,182.606142798,190.665460729,141.154154428,199.729436276,182.15339784,180.409104316,198.95560225,178.004556631,186.193136265,201.737585184,185.382749461,214.171239552,200.386474853,189.369083006,194.259314341
# Rotating FPSO on 4 with 16 rockets and 50 iterations 
223.794102297,144.781499598,201.536070627,178.48770496,204.15610088,221.333338314,160.923100276,204.567567455,193.692509472,158.997609884,179.967356658,156.604824088,216.177235365,182.603231639,187.970418502,191.451993407,185.695230963,192.176567919,189.277404058,161.436224656,219.301223801,179.441559524,192.893189179,201.865098248,176.932398366



# Recursive FPSO on 4 with 8 rockets and 100 iterations 
229.077136084,209.131347997,203.382680584,234.882900867,189.624200611,238.506778345,202.35110193,232.362275725,178.261570186,169.482665737,196.502233869,206.8868111,206.060857003,244.599677124,192.274118013,211.300666178,203.46694058,228.615460064,197.10334018,234.219521939,228.183392973,181.686270119,150.103191202,220.58333903,220.732580699

# Recursive FPSO on 4 with 12 rockets and 65 iterations 
199.284903215,182.151037194,209.169151644,206.782146475,214.086951719,206.869699426,218.263917302,217.043924018,237.900665276,233.217079144,198.002589775,218.246768881,221.973717235,208.807388691,213.697914764,207.629015739,202.153895809,173.269046194,200.180370003,211.108786897,210.67263756,238.029480117,170.796178442,201.125223138,201.716614174

# Recursive FPSO on 4 with 16 rockets and 50 iterations 
211.246123664,223.413423414,222.630587489,194.382934215,219.818478236,217.360512791,189.000063604,231.807440944,213.446124204,166.64147033,207.391412605,202.127510932,206.456508999,187.45656287,233.224488963,194.669067067,202.899751221,213.627900685,239.08257313,215.936734784,237.77078945,225.737232795,211.205880169,185.149771589,173.322371201
