# Rotating FPSO on 2 with 8 rockets and 100 iterations 
20.701370533930607,20.94591912157713,2.8277892487544176,2.650884746424666,20.224660751758698,20.715149238051417,20.702487308610287,20.677474083266578,3.240820758944935,20.644526338282912,20.615497815738674,2.895722074786019,20.908826829070662,20.34868680437309,20.512968620507532,20.723948686396515,2.6459465619643727,20.527911633603356,2.9103245692185564,20.634987701364647,20.394979696221885,2.5437030878730487,20.803469832439625,20.700130228110073,2.700037737146538
# Rotating FPSO on 2 with 12 rockets and 65 iterations 
20.93873435955729,2.8152832737109006,20.683243117813948,2.816230817092347,20.777372427989437,2.7498628845252893,20.786581150306464,20.688859865345847,20.559382337645506,20.453905067968712,20.535429336008036,2.8978303352757604,2.7088666715110468,2.9197414522018126,2.7593447548961234,20.70061042947452,20.41024342398271,20.74280080528965,20.76081302027093,20.471247270377344,2.9168941946442755,2.7576828960422124,2.865296072132875,20.502062497813636,20.716253743855265
# Rotating FPSO on 2 with 16 rockets and 50 iterations 
20.662414204587307,20.550353346242655,20.789236771074076,20.567111563202378,20.449706811013137,20.30913700696637,20.811486006261077,3.103452325399488,2.6530489042429193,20.668861664732297,3.5156058687845904,20.689415094399376,3.0723182431318787,7.823276954404797,20.56244600857918,20.631699981288758,20.870681353343244,2.7537635861324614,20.899228557432874,2.3760779123394156,20.49402510799764,2.9007037448988986,20.623211410368594,20.432101730733592,2.8312199302256613


# Recursive FPSO on 2 with 8 rockets and 100 iterations 
20.608739508307547,20.675112604263166,20.756815027023,20.728774268858214,20.746086956227593,20.556616684725583,20.563909497080655,20.615039108063325,20.70514167733099,20.67072670909263,20.713173468748902,20.781372460525223,20.77454724497025,20.59605611494377,20.849526788273945,20.741681691472873,20.7155817175188,20.70687524194202,20.618661232096148,20.60282646672055,20.714322396170708,20.8116879499442,20.75136396347818,20.73684116612769,20.707172050439787
# Recursive FPSO on 2 with 12 rockets and 65 iterations 
20.693986212935076,20.67431284503246,20.642038536582742,20.772169293963486,20.683672722399102,20.678569298917274,20.73925246010084,20.52096932092366,20.771786802745254,20.797126188158046,20.861635650892513,20.80660156188528,20.728076289143395,20.60360227337222,20.792986452851046,20.698239093754815,20.675507141798235,20.766972472444067,20.64088153620914,20.565247159431795,20.817247739352663,20.531608375647956,20.82627392759673,20.749362830166188,20.866421787930044
# Recursive FPSO on 2 with 16 rockets and 50 iterations 
20.81865024484925,20.534214629429325,20.78072175601347,20.79198992902852,20.694659504710742,20.79381205544672,20.724774236741037,20.675733625132242,20.73911428523942,20.694421778577446,20.51462251130802,20.52854000998343,20.67224373801094,20.773112755112315,20.729369155230206,20.709175025010065,20.795157799364855,20.546070996860305,20.773206404687112,20.700557010081905,20.800809371538858,20.626229419014106,20.79624199984428,20.794057558508452,20.47264881112097
